#parallel_150G
#T(K)        U(V)
96,698	0,804
96,753	0,804
96,816	0,803
96,852	0,803
96,929	0,803
96,967	0,802
97,043	0,803
97,100	0,802
97,156	0,802
97,213	0,802
97,270	0,802
97,306	0,802
97,384	0,801
97,440	0,801
97,505	0,801
97,623	0,802
97,743	0,802
98,144	0,801
98,596	0,801
99,167	0,801
99,873	0,801
100,672	0,801
101,209	0,800
102,079	0,799
103,022	0,799
103,964	0,798
104,929	0,798
106,254	0,798
107,245	0,798
108,244	0,797
109,265	0,797
110,285	0,797
111,292	0,797
112,326	0,797
113,329	0,796
114,325	0,795
115,335	0,795
116,318	0,793
117,294	0,792
118,296	0,794
119,256	0,794
120,221	0,794
121,181	0,794
122,123	0,794
123,076	0,794
124,011	0,793
124,602	0,791
125,503	0,791
126,713	0,791
127,615	0,789
128,489	0,789
129,356	0,790
130,231	0,790
131,084	0,789
131,932	0,789
132,781	0,789
133,345	0,788
134,472	0,788
135,023	0,788
136,140	0,787
136,962	0,786
137,780	0,785
138,609	0,784
139,149	0,783
139,967	0,782
140,787	0,782
141,891	0,781
142,682	0,780
143,495	0,779
144,296	0,779
145,079	0,779
145,865	0,779
146,368	0,777
147,406	0,777
148,170	0,776
148,942	0,775
149,447	0,774
150,456	0,774
151,197	0,773
151,930	0,772
152,668	0,772
153,391	0,771
154,107	0,771
154,819	0,770
155,524	0,769
156,238	0,768
156,931	0,764
157,620	0,763
158,304	0,763
158,747	0,762
159,668	0,762
160,102	0,761
161,000	0,761
161,658	0,765
162,322	0,764
162,981	0,763
163,631	0,762
164,283	0,761
164,918	0,761
165,559	0,761
166,192	0,761
166,826	0,760
167,447	0,759
168,065	0,758
168,677	0,757
169,283	0,756
169,674	0,755
170,480	0,754
171,074	0,753
171,674	0,752
172,273	0,751
172,661	0,750
173,443	0,749
174,026	0,748
174,607	0,747
175,186	0,747
175,756	0,747
176,318	0,746
176,691	0,745
177,250	0,745
177,816	0,744
178,560	0,744
179,123	0,742
179,662	0,741
180,206	0,739
180,557	0,737
181,278	0,736
181,806	0,735
182,342	0,735
182,862	0,735
183,391	0,734
183,726	0,732
184,411	0,731
184,747	0,730
185,431	0,730
185,939	0,729
186,439	0,727
186,930	0,728
187,412	0,727
187,890	0,726
188,199	0,723
188,834	0,723
189,303	0,722
189,768	0,721
190,237	0,719
190,702	0,718
191,006	0,716
191,460	0,715
191,918	0,714
192,368	0,713
192,975	0,713
193,418	0,712
193,856	0,711
194,298	0,709
194,732	0,708
195,163	0,706
195,601	0,705
196,027	0,703
196,303	0,701
196,873	0,700
197,302	0,699
197,733	0,698
198,147	0,697
198,415	0,695
198,969	0,694
199,378	0,692
199,788	0,691
200,048	0,689
200,595	0,689
200,855	0,686
201,383	0,685
201,770	0,684
202,161	0,684
202,548	0,683
202,931	0,681
203,178	0,680
203,687	0,679
203,931	0,676
204,435	0,675
204,810	0,673
205,180	0,671
205,554	0,670
205,924	0,668
206,301	0,666
206,680	0,664
206,923	0,660
207,434	0,660
207,678	0,657
208,202	0,657
208,593	0,656
208,979	0,654
209,368	0,653
209,746	0,652
210,128	0,651
210,364	0,649
210,863	0,648
211,235	0,646
211,599	0,644
211,832	0,640
212,326	0,639
212,681	0,638
213,031	0,636
213,379	0,634
213,723	0,632
213,946	0,629
214,410	0,628
214,753	0,627
215,090	0,625
215,422	0,623
215,767	0,621
216,090	0,619
216,420	0,618
216,747	0,616
217,078	0,613
217,290	0,610
217,735	0,609
218,058	0,607
218,383	0,604
218,706	0,602
219,025	0,600
219,348	0,597
219,664	0,594
219,983	0,593
220,298	0,591
220,611	0,589
220,929	0,587
221,244	0,582
221,560	0,579
221,765	0,576
222,073	0,572
222,385	0,569
222,698	0,565
223,000	0,562
223,408	0,561
223,713	0,559
224,015	0,558
224,311	0,556
224,611	0,554
224,912	0,551
225,211	0,549
225,511	0,547
225,803	0,543
225,991	0,537
226,385	0,535
226,572	0,530
226,862	0,527
227,246	0,526
227,533	0,523
227,816	0,519
228,101	0,515
228,284	0,511
228,564	0,508
228,844	0,506
229,125	0,503
229,402	0,499
229,769	0,498
230,052	0,495
230,322	0,493
230,594	0,490
230,862	0,487
231,133	0,486
231,308	0,484
231,570	0,482
231,925	0,482
232,194	0,482
232,453	0,480
232,715	0,478
232,974	0,476
233,237	0,474
233,494	0,473
233,748	0,472
234,003	0,472
234,163	0,470
234,504	0,470
234,664	0,469
234,998	0,469
235,244	0,468
235,490	0,468
235,649	0,469
235,974	0,469
236,214	0,469
236,454	0,469
236,692	0,468
236,845	0,468
237,164	0,468
237,402	0,468
237,553	0,467
237,869	0,467
238,100	0,467
238,329	0,467
238,557	0,468
238,788	0,469
239,016	0,469
239,240	0,469
239,388	0,471
239,688	0,471
239,913	0,471
240,058	0,470
240,361	0,470
240,581	0,470
240,801	0,470
241,017	0,471
241,157	0,471
241,446	0,471
241,659	0,472
241,871	0,472
242,010	0,473
242,294	0,473
242,506	0,474
242,716	0,473
242,923	0,473
243,131	0,472
243,337	0,471
243,470	0,470
243,745	0,470
243,876	0,470
244,148	0,470
244,351	0,470
244,553	0,470
244,683	0,469
244,951	0,469
245,150	0,470
245,348	0,470
245,543	0,470
245,670	0,469
245,931	0,469
246,124	0,469
246,317	0,468
246,506	0,469
246,691	0,471
246,871	0,471
246,987	0,471
247,224	0,471
247,398	0,471
247,569	0,471
247,740	0,471
247,910	0,471
248,080	0,471
248,247	0,471
248,414	0,472
248,580	0,472
248,745	0,472
248,909	0,471
249,015	0,470
249,234	0,470
249,398	0,469
249,560	0,469
249,721	0,470
249,883	0,470
250,044	0,470
